10100100100100001000101111001001100010101000100001001110111111000101111111000101010010100110110100111111000100001000001101100100010101101111111100000001111001100011101011000010101101110001110011110101001010010101001011001000100010000010111111111010111010101010001110001011101101010001000110010110100010100100000011000111010011011011001010000011110000110011100101101101110101000110000000111001010100100100100111110111000011011101110010001011111110110110110011111111010001001100010001110011100101100001
00111101100111100001011011100110001111001100011000000001100101101011011010000111000011011101101000110111000110101001101100001111100111100010000100010000100000110111000001010101101010011111011110100011111010100010101101011101001110111101111011110000100110110100111100010111010110101100100000001101110110000101110011001100100110100011000110001101000111110110001001111010100110010000101001001010000110110010100111100001111010101101001010010000101010001001001110100010010111111110011100000011110100011010
10101110000000101110100011001111101100101010101010000010000101000101111001000111111111111100100110100010001011101110000010101001100100000100001110010110111100111010110000010000000100010100011111110001100101111110110101011111101010011100110010000011110001000000001110011011101001011001100000011001000111111011011001100110110110111101001101001010100011111100000001101110011111101000001011101110000011110100000100011000011101100010101100001001111000011000110011011110100000111100100001001011111000001100
01010100111101101000001000010000111010011101111011001111111011100111000011011100010010000010001101000110100001011110100101010110000011101011010010010101010001011110011100100000101000011100101101000010110010000010100110011100111111111011011000110101111010011101100100000100100001111100011001000000100100100011010100110111111010010000101000100101011011110100000010011101111001110000000100100000111101100001101010001110010010011110010110010101001100100011000100101010000000111000101011010100100000001100
01111001011000101110001110001110001110010100010011001100110100010011101001101001110111110000101100000001110011001000001110100010011000111000101001101100110111101011111110011010110011000011101000011110110000010011000000101110110011110110000110001001011010010111110101001100110101001000101110101100101010100100011111000011111110001101001000001001010101011110011100111101000001111010110000011101111100001100110111001011001110111100000100010010011110110011110011111001110110100010110110000011101000101011
00101100100101111001010111010110110010011101011100101110100111110010100000110101110001000100011010110111010011010010001110100000010101000001111010010101001101001000101110001010000010000010000010111100101101011010100010010101101111000001011111000111100000100000001101111001000111111010110011000110011000100110000110001011011011000110001100110110001001110010100101010101001111100101111011011011000110011110001111010011010111001111001110110100111100001111011011001111011011111101110001011011100100010010
00001110111100001000000100100111100100100001111000101101000001000101010000010111110010000010010110001011110110010000001000101001100101001110110010110010000011101111110111101000110010101101111100111010011000110111001110000000001100000110100100011010010101101111101110110000010100111011010110101111101111101100001000011000100111110111011011000111111010000101000110111101101000001101100000011001101011010110000111000000110001010101010100001001000011111101111001111100100100101101101000101001001011000111
00000000001111100000001110101111101100101111011110101101100000010001110001000101110111100101000011011110100000011110001111000000100111001101011001101100000110100000110011111111010010011110100110111100101110101111011011110011101100010000001101100010010000010011000111010011000101110001000111110101010110001110010111101110111111110100010010011001000110010110011000000110010110011111101110001010010100100010100111100010101010100001100000100100101110000010010001011100101111000101101100111011101011011100
11011110110001100010101101001101100001001001011011101111101010001011110000001011100011101011001010111101011011100111001000100111000100010000011100010010111110001001000011000010110100110001000110111110011000000010111110000100111010101100110111010110010011110100101111101110100110101101101000010101100011010010010011111101010011011111001010010000111100111111011001101110000001100001111110111110000010110001010111001000011001111101100001000101011101100010101110000100011010101100010101110111010110101101
11000100010110011110100011111000010101001010001111010101110111101011011000110010100100001001111101110000010010000000000100101010000011001111010110011000011010111111110011111000011100000010110000100100001101101111100101001010011011110111100000010010011011011101001101001111000001100000110011001001100100010010100101100110000010110110011101001010111011011111000001101110010001010111100100101011110011001110010101101011101011100101111101010010010110011101011000011001100101011001100111001110111001111011
00011000011111111001100000000010100100111010111010110001000000000011000011011111111110101000001110111001010010100110111000111000010000100111100110110010010001001000101111000010000010111010010011001010000111010011001010000001101010101010110011011010011100101111010111010010110011010110110100100001101110000000111000001110100011111100011100011011010111011000000100011011101100101000000001100011111011011100000001010101010100010010010110001001101110101111011001011001010111011001100001111111101100001010
01100011101111111000000101110111000001101000010011001100011001100110111011101111010110011111101001111100101100001100100100110101110011101100111110011000001110110010010000110010110100000010001000101110101011111101100010001001001111110001011111011011101111111000101111000101100101011010001111010010011001010000000111011111001101111111000100111000100101010111010010101111010011010110100011100100110101010010010001010001111001010000111010100001011111010011101011011000100111101111110001011001001111010111
10100011010010110111101101101001000010010001110110101001000001111101111001001011000110101110100111010101010111110111011010001101000100101110110011111001100110001001000011110011001000110001000101000000010100010100101000100111110010000111111001010010011001011001001101011110011011100011000110001000000101111110101010100011011100101110001100000000100100000101110110100000100001111101000011111111100101100101110011000110111111110011111011100000001001101011101101001000110001001100101001011101010101100001
01100001000010100101110001110010101100000000100001101001011100101100000011100100010011101101101010010111100111001101101111010000100001100101000001010100101101000111101000101111000010100110100101110100000101111101011011100111000100111000110000110111001000111110000010111001010011110110000010000110001001100000100010000101000011001100011110011100010010110111001011100000101011011110100110001101110000100001101100100110000011101101101110011011011000110011100010011101101011011110110001110000010010001011
10011011110111111111111011111011110000010100101011100111001111101101011101110001000101000000001001000101011001110010100100100010011011000111111100111000111011011110110110110110101110001000100010001011100100110000000010011000110111000110101100101010000010010001011100000100101001110100110111010011000000010111111010001000100100010101111001100101101100101111111011000011100000101000111110001000000011010000111011111101010111001111011001001000000100011100000001110110010101010000111110010111101110111000

