11100010000000111101001111111001001100111011101001000111001111001111000010000101100001000011000011001011101101010000101111100001
00101100000111101111000010000001011011111110000110011111111110001111000000101111101100010010000010100001010111110110000101001010
00000111011010010101101110001111101001110010100011000001000001101110101111101001000100000001111011111001101011010000100011011110
00110110010111001001001111001111101010011100000100000001100010101000111001000100111000100110111111100100010010100100111011110100
00101100001110001110011110000100110000000000111011011001110100010100001010000110110010000111110011000100111101001100100010010000
01000011001001101011001111011101111010010110111010111110110111111001000100010110101100101111110000011000100111011000001101000111
10000001000101110011010100011000110100110100111100100010001000011011000001010111100110111011101110001011110000100100001110000101
11000101110001001000001011101000100110011001111011101001011010110100111000100001000100000011000010101111001001101101010111011101
10101010000011111111001111011110001000100111010000010010111101000001010001100010110011110111111010111000000011000110111110000110
10001100001011001101001011000110110101001101000010000101101010101100110110111111010110011001001101100100001011110000111010000111
11110010110001100010100110001001110001111010011100100011010100101001000100111100101000001000011101010011101000111001000000001111

