01101011101000110111010001100001110000011000110101100010111011100110011011110111011100110101101111000011110111011101011111100111
00101011111000101011010110111100100110000000000011010011001111011001011001000010001101010110110010101110100100001011100011010001
10101011000001101100000101111111110011000110011100101011011111011000111111101111101000111111010000001011011011111111010011011110
10000000000100100110011001000110000000000101010110100100100001000111010110110101010010101000101110101100101000110010100100111011
00101000011000010010111011101011011010111000100100110101111011011110111100101100001001110010100001101001110001000100010011111100
11000011000100110111000101100100101101010110011011010101101001000011110100010001001010000110010101010010001100010001101110100000
10101111110010010010100111101100010011111000010101001100100001111000100010010010011010010101011111101011000001111110000000111011
11011110000101001101111100110000111010011011101111010111110110110111011010001001101101100111010001000011000001010111100101111111
01101001001011000101001111111101011000001000101100111010100101011011000100000001100001100011010110101011110110100000100101001011
01110110011110001110011110001101101110100101000000100000101100001010001110101000000011010011000011010010110110100101111101101000
11101110101011100111101111000111001101111011010101011111000110100011010001100000111101000010001100100000011101100010001011101000

