10110111010010111110110011000101011101000011111100001000001100111111111001001100011100011110011111101000111010111000011110110101
10111000101111100010111110101010101100110001000011011001100010110110000001100001101111010100001100100010001101000110010011001100
11001011010111111110111010001000100100000101100111010100111110100000100111110001110001011000000001001110110010011100000110011110
01010000101101110011110001110011010011001111111000001000000100000010111100001110100001001001111101111001010011110110111110011011
10110000001001100110110101000100110011100101100110101111011111101000001110100011000001100000010101111111000000000101111010010001
01111101100010101100110011101011010101001101000110011111101010110000000111000110101001111111110100100001100010011111100010110100
10111111010101001100000101101100111101000010100010100100001001111010110100100101100011101100011010100000011010101001110100010111
01110001111110101000010011100011111111100111101101110001010100010110001100010101000010100010100001010000010100001000101110101100
01110110100111001000011011100100101010111111001011110000001011001101100101100111001011100000011010010011100111100101011010010111
00100000111001110001101010001111110011110001011110100110010101100010011000100111101011001111001111111011110110011111001010100001
11000001011001000110100111011111111011111011011010111110100010110000101111000111001010100101100000111011101011010101100111010100

